115
214
179
222
49
209
13
78
215
162
3
243
45
113
60
103
230
55
92
166
164
240
131
35
239
101
219
21
235
58
59
47
164
72
97
224
55
171
228
15
238
225
51
174
202
249
50
151
12
74
103
252
61
42
121
140
240
100
202
205
3
121
243
220
101
195
251
25
216
148
142
238
214
253
206
53
242
39
236
235
181
0
17
30
19
227
144
17
41
33
203
21
209
51
184
231
88
86
231
165
218
166
133
0
109
35
147
217
9
7
108
242
239
65
197
187
163
44
245
232
7
239
20
21
75
1
25
101
56
43
243
10
222
48
22
253
203
93
59
72
250
228
49
138
88
44
58
110
241
118
36
114
157
238
49
210
84
196
107
23
16
14
237
210
255
53
63
187
151
140
2
52
220
237
14
216
144
35
101
29
144
184
51
28
5
188
146
60
190
191
136
218
27
197
18
147
14
82
91
145
235
197
60
248
183
13
88
47
126
115
186
41
14
67
172
242
142
52
49
33
174
156
0
224
215
228
18
159
93
92
151
164
100
62
242
11
131
219
74
157
71
233
186
174
197
0
140
245
140
22
65
44
185
38
248
124
184
182
30
247
209
221
110
190
151
55
250
169
106
209
39
147
38
126
234
194
84
96
71
4
26
247
244
252
242
106
200
28
52
249
122
0
61
1
196
224
79
113
35
59
245
193
166
13
59
230
241
176
11
83
213
239
253
72
249
255
180
113
40
237
40
104
249
169
88
216
221
44
61
12
156
248
153
254
102
202
92
170
194
50
228
100
234
217
152
98
185
18
15
193
43
210
116
248
36
172
227
244
3
221
32
132
56
66
74
18
143
159
95
28
55
58
222
120
236
201
151
214
197
152
138
165
88
