241
48
6
151
190
149
133
11
56
68
246
67
0
209
243
2
212
253
219
90
250
43
152
44
127
62
208
230
90
21
254
39
3
138
59
175
32
239
29
195
207
255
67
255
249
24
3
252
214
194
27
213
158
1
214
206
236
245
13
61
209
17
211
8
179
138
203
51
44
166
143
252
44
255
142
91
130
252
8
47
235
240
59
127
32
55
137
224
251
251
106
247
254
16
2
128
139
89
251
6
219
250
217
197
49
140
248
24
253
123
1
32
114
66
28
1
7
254
232
138
29
125
9
82
4
26
0
10
8
28
207
104
237
35
61
33
255
3
253
46
254
241
251
41
255
202
9
21
11
213
235
14
186
69
242
197
9
246
63
245
20
253
251
4
178
0
62
236
237
175
253
123
191
37
42
248
90
249
47
214
207
41
221
235
214
121
33
115
248
62
79
252
134
252
247
50
123
255
252
59
254
70
17
32
4
234
224
104
7
9
108
87
109
8
250
44
234
198
219
0
254
58
196
226
183
197
143
99
47
46
9
254
237
112
217
16
50
132
182
21
15
251
228
236
236
1
50
75
57
1
6
68
135
221
215
24
140
147
12
210
14
80
44
69
254
226
182
224
239
249
246
114
49
5
246
89
41
178
207
225
230
131
246
231
255
248
239
184
78
15
99
139
195
255
126
109
54
156
19
55
138
252
7
181
216
18
215
23
250
92
245
84
96
83
247
211
0
52
240
200
254
238
215
205
235
249
2
216
72
254
75
173
231
17
79
68
174
231
228
197
200
247
3
216
133
70
200
59
200
140
21
125
27
163
20
70
77
162
254
72
2
37
64
90
114
4
49
15
214
226
190
93
218
186
142
240
179
253
147
28
221
248
170
1
180
221
201
110
211
61
104
70
115
36
217
85
254
52
22
248
39
98
41
65
6
245
48
46
220
249
104
16
2
234
203
141
219
8
5
7
254
194
19
61
2
255
226
55
238
194
8
18
224
180
5
187
1
86
213
252
226
86
143
247
2
78
239
91
79
154
12
240
25
75
186
143
16
107
125
251
254
223
215
54
47
137
245
245
68
9
197
236
192
218
116
4
33
187
58
16
90
142
228
81
253
190
234
201
0
110
26
65
185
143
29
24
60
33
239
251
234
28
47
58
135
167
253
252
254
27
234
16
4
27
254
3
174
27
102
1
159
215
193
196
45
52
211
118
132
249
34
15
204
32
250
191
28
252
247
45
170
83
52
171
46
140
254
204
255
239
216
38
216
7
68
75
90
221
58
1
46
255
250
8
47
228
12
101
244
182
247
244
0
255
249
220
5
77
118
20
32
223
155
187
134
197
15
252
110
80
33
227
45
235
251
188
13
239
239
74
195
1
251
65
28
226
62
112
90
97
255
253
162
141
249
7
211
18
0
87
244
235
224
40
164
178
2
151
2
217
219
217
46
209
80
7
144
173
168
236
236
0
51
239
254
249
43
204
8
3
192
252
39
1
189
203
255
180
2
43
17
3
199
229
224
116
8
211
18
218
251
11
137
186
246
32
251
93
194
253
230
186
44
254
250
240
44
29
200
196
54
254
210
62
251
1
61
0
29
5
159
199
42
197
53
253
84
61
2
251
255
230
43
8
192
183
197
255
8
128
160
173
247
197
12
240
13
13
12
227
248
204
43
193
196
1
255
49
48
96
251
52
13
70
92
210
37
182
43
245
32
201
59
16
253
84
142
141
222
3
68
139
97
61
232
9
236
209
6
193
189
41
1
6
105
12
213
250
62
27
5
191
29
28
241
125
26
44
43
228
0
22
39
136
3
245
168
59
82
53
217
37
54
77
255
57
0
202
234
52
84
218
244
29
187
255
60
34
59
252
53
253
254
19
88
16
129
90
1
44
1
62
94
123
86
34
245
254
65
253
210
105
62
247
52
182
122
217
153
213
76
44
83
52
108
11
252
235
192
237
254
236
5
67
224
2
106
166
64
62
132
182
193
195
1
135
7
112
245
250
162
40
15
195
224
197
132
59
147
65
146
252
253
218
209
94
219
236
202
6
18
151
10
239
133
126
96
3
39
25
6
33
56
254
250
6
248
216
103
93
4
221
71
7
71
55
53
9
253
133
35
243
178
249
14
33
38
186
28
161
251
126
6
11
251
246
3
28
80
109
215
220
254
167
214
89
117
213
35
4
252
251
218
155
254
128
5
190
193
236
249
32
220
208
235
1
105
75
61
108
237
68
193
20
41
249
47
254
180
210
196
1
62
215
33
47
104
49
232
8
