
test5 
0 0 0 2 2
-1 0 0 1 1
0 0 1 2 1


test4
0 1 0 0 0
0 1 0 0 0
0 1 1 1 0

0 1 1 2 0




test3

0 0 0 0 0
1 0 0 0 1
1 -1 -1 2 2


0 0 1 1 0
0 -1 2 0 0
0 -1 1 1 0

test2
1 1 1 2 0
1 1 1 1 2
1 2 2 1 2

-1 0 -1 1 0
1 1 0 0 0
1 2 0 0 0




test1

0 0 1 0 2
0 -1 0 0 -1
0 2 0 0 0


2 0 0 1 0
2 0 1 0 0
2 0 2 1 0




t11 [2, 0, 1, 0, 0]
t12 [0, 2, 0, 0, 0]
t21 [1, 1, 0, 0, 0]
t22 [1, 1, 1, 1, 2]
t31 [0, -1, 2, 0, 0]
t32 [1, 0, 0, 0, 1]
t41 [0, 1, 1, 2, 0]
t42 [0, 1, 0, 0, 0]
t51 [0, 0, 0, 2, 2]










