72,97,118,101,70,117,110,87,105,116,104,78,49,67,84,70 70,82,168,236,128,26,5,168,117,105,112,7,181,86,161,124
72,97,118,101,70,117,110,87,105,116,104,78,49,67,84,70 211,82,168,236,128,26,5,4,117,105,63,7,181,114,161,124
72,97,118,101,70,117,110,87,105,116,104,78,49,67,84,70 17,82,168,236,128,26,5,29,117,105,174,7,181,46,161,124
72,97,118,101,70,117,110,87,105,116,104,78,49,67,84,70 208,82,168,236,128,26,5,51,117,105,115,7,181,58,161,124
72,97,118,101,70,117,110,87,105,116,104,78,49,67,84,70 173,82,168,236,128,26,5,244,117,105,121,7,181,45,161,124
72,97,118,101,70,117,110,87,105,116,104,78,49,67,84,70 123,82,168,236,128,26,5,201,117,105,94,7,181,123,161,124
72,97,118,101,70,117,110,87,105,116,104,78,49,67,84,70 179,82,168,236,128,26,5,159,117,105,28,7,181,187,161,124
72,97,118,101,70,117,110,87,105,116,104,78,49,67,84,70 122,82,168,236,128,26,5,55,117,105,204,7,181,60,161,124
72,97,118,101,70,117,110,87,105,116,104,78,49,67,84,70 198,82,168,236,128,26,5,233,117,105,163,7,181,124,161,124
72,97,118,101,70,117,110,87,105,116,104,78,49,67,84,70 180,82,168,236,128,26,5,139,117,105,188,7,181,198,161,124
72,97,118,101,70,117,110,87,105,116,104,78,49,67,84,70 9,82,168,236,128,26,5,104,117,105,19,7,181,176,161,124
72,97,118,101,70,117,110,87,105,116,104,78,49,67,84,70 115,82,168,236,128,26,5,64,117,105,60,7,181,167,161,124
72,97,118,101,70,117,110,87,105,116,104,78,49,67,84,70 114,82,168,236,128,26,5,77,117,105,77,7,181,178,161,124
72,97,118,101,70,117,110,87,105,116,104,78,49,67,84,70 59,82,168,236,128,26,5,6,117,105,105,7,181,5,161,124
72,97,118,101,70,117,110,87,105,116,104,78,49,67,84,70 212,82,168,236,128,26,5,186,117,105,118,7,181,20,161,124
72,97,118,101,70,117,110,87,105,116,104,78,49,67,84,70 79,82,168,236,128,26,5,255,117,105,192,7,181,209,161,124
72,97,118,101,70,117,110,87,105,116,104,78,49,67,84,70 169,82,168,236,128,26,5,195,117,105,137,7,181,142,161,124
72,97,118,101,70,117,110,87,105,116,104,78,49,67,84,70 9,82,168,236,128,26,5,104,117,105,19,7,181,176,161,124
72,97,118,101,70,117,110,87,105,116,104,78,49,67,84,70 31,82,168,236,128,26,5,30,117,105,171,7,181,247,161,124
72,97,118,101,70,117,110,87,105,116,104,78,49,67,84,70 131,82,168,236,128,26,5,222,117,105,245,7,181,159,161,124
72,97,118,101,70,117,110,87,105,116,104,78,49,67,84,70 56,82,168,236,128,26,5,235,117,105,238,7,181,155,161,124
72,97,118,101,70,117,110,87,105,116,104,78,49,67,84,70 185,82,168,236,128,26,5,138,117,105,164,7,181,136,161,124
72,97,118,101,70,117,110,87,105,116,104,78,49,67,84,70 226,82,168,236,128,26,5,86,117,105,179,7,181,2,161,124
72,97,118,101,70,117,110,87,105,116,104,78,49,67,84,70 222,82,168,236,128,26,5,25,117,105,148,7,181,92,161,124
72,97,118,101,70,117,110,87,105,116,104,78,49,67,84,70 133,82,168,236,128,26,5,114,117,105,107,7,181,194,161,124
72,97,118,101,70,117,110,87,105,116,104,78,49,67,84,70 60,82,168,236,128,26,5,105,117,105,166,7,181,16,161,124
72,97,118,101,70,117,110,87,105,116,104,78,49,67,84,70 148,82,168,236,128,26,5,20,117,105,39,7,181,137,161,124
72,97,118,101,70,117,110,87,105,116,104,78,49,67,84,70 247,82,168,236,128,26,5,76,117,105,30,7,181,216,161,124
72,97,118,101,70,117,110,87,105,116,104,78,49,67,84,70 186,82,168,236,128,26,5,214,117,105,177,7,181,226,161,124
72,97,118,101,70,117,110,87,105,116,104,78,49,67,84,70 40,82,168,236,128,26,5,254,117,105,73,7,181,77,161,124
72,97,118,101,70,117,110,87,105,116,104,78,49,67,84,70 219,82,168,236,128,26,5,227,117,105,157,7,181,113,161,124
72,97,118,101,70,117,110,87,105,116,104,78,49,67,84,70 92,82,168,236,128,26,5,49,117,105,17,7,181,182,161,124
72,97,118,101,70,117,110,87,105,116,104,78,49,67,84,70 57,82,168,236,128,26,5,28,117,105,68,7,181,192,161,124
72,97,118,101,70,117,110,87,105,116,104,78,49,67,84,70 168,82,168,236,128,26,5,99,117,105,189,7,181,107,161,124
72,97,118,101,70,117,110,87,105,116,104,78,49,67,84,70 67,82,168,236,128,26,5,45,117,105,45,7,181,110,161,124
72,97,118,101,70,117,110,87,105,116,104,78,49,67,84,70 126,82,168,236,128,26,5,118,117,105,214,7,181,9,161,124
72,97,118,101,70,117,110,87,105,116,104,78,49,67,84,70 82,82,168,236,128,26,5,110,117,105,150,7,181,102,161,124
72,97,118,101,70,117,110,87,105,116,104,78,49,67,84,70 136,82,168,236,128,26,5,154,117,105,205,7,181,219,161,124
72,97,118,101,70,117,110,87,105,116,104,78,49,67,84,70 21,82,168,236,128,26,5,248,117,105,173,7,181,128,161,124
72,97,118,101,70,117,110,87,105,116,104,78,49,67,84,70 169,82,168,236,128,26,5,195,117,105,137,7,181,142,161,124
