72,97,118,101,70,117,110,87,105,116,104,78,49,67,84,70 49,82,168,40,128,26,57,239,117,225,4,7,151,221,161,124
72,97,118,101,70,117,110,87,105,116,104,78,49,67,84,70 49,82,168,135,128,26,3,239,117,36,4,7,211,221,161,124
72,97,118,101,70,117,110,87,105,116,104,78,49,67,84,70 49,82,168,103,128,26,22,239,117,66,4,7,32,221,161,124
72,97,118,101,70,117,110,87,105,116,104,78,49,67,84,70 49,82,168,254,128,26,136,239,117,68,4,7,0,221,161,124
72,97,118,101,70,117,110,87,105,116,104,78,49,67,84,70 49,82,168,183,128,26,52,239,117,155,4,7,173,221,161,124
72,97,118,101,70,117,110,87,105,116,104,78,49,67,84,70 49,82,168,218,128,26,216,239,117,198,4,7,129,221,161,124
72,97,118,101,70,117,110,87,105,116,104,78,49,67,84,70 49,82,168,254,128,26,136,239,117,68,4,7,0,221,161,124
72,97,118,101,70,117,110,87,105,116,104,78,49,67,84,70 49,82,168,190,128,26,66,239,117,248,4,7,20,221,161,124
72,97,118,101,70,117,110,87,105,116,104,78,49,67,84,70 49,82,168,248,128,26,88,239,117,89,4,7,135,221,161,124
72,97,118,101,70,117,110,87,105,116,104,78,49,67,84,70 49,82,168,238,128,26,238,239,117,201,4,7,193,221,161,124
72,97,118,101,70,117,110,87,105,116,104,78,49,67,84,70 49,82,168,126,128,26,92,239,117,153,4,7,185,221,161,124
72,97,118,101,70,117,110,87,105,116,104,78,49,67,84,70 49,82,168,115,128,26,165,239,117,69,4,7,245,221,161,124
72,97,118,101,70,117,110,87,105,116,104,78,49,67,84,70 49,82,168,24,128,26,153,239,117,112,4,7,197,221,161,124
72,97,118,101,70,117,110,87,105,116,104,78,49,67,84,70 49,82,168,86,128,26,217,239,117,63,4,7,4,221,161,124
72,97,118,101,70,117,110,87,105,116,104,78,49,67,84,70 49,82,168,28,128,26,169,239,117,157,4,7,99,221,161,124
72,97,118,101,70,117,110,87,105,116,104,78,49,67,84,70 49,82,168,145,128,26,177,239,117,96,4,7,189,221,161,124
72,97,118,101,70,117,110,87,105,116,104,78,49,67,84,70 49,82,168,188,128,26,16,239,117,185,4,7,214,221,161,124
72,97,118,101,70,117,110,87,105,116,104,78,49,67,84,70 49,82,168,19,128,26,187,239,117,85,4,7,128,221,161,124
72,97,118,101,70,117,110,87,105,116,104,78,49,67,84,70 49,82,168,170,128,26,7,239,117,76,4,7,87,221,161,124
72,97,118,101,70,117,110,87,105,116,104,78,49,67,84,70 49,82,168,33,128,26,185,239,117,178,4,7,118,221,161,124
72,97,118,101,70,117,110,87,105,116,104,78,49,67,84,70 49,82,168,237,128,26,247,239,117,51,4,7,186,221,161,124
72,97,118,101,70,117,110,87,105,116,104,78,49,67,84,70 49,82,168,118,128,26,29,239,117,247,4,7,60,221,161,124
72,97,118,101,70,117,110,87,105,116,104,78,49,67,84,70 49,82,168,111,128,26,14,239,117,37,4,7,207,221,161,124
72,97,118,101,70,117,110,87,105,116,104,78,49,67,84,70 49,82,168,64,128,26,132,239,117,23,4,7,75,221,161,124
72,97,118,101,70,117,110,87,105,116,104,78,49,67,84,70 49,82,168,225,128,26,244,239,117,151,4,7,45,221,161,124
72,97,118,101,70,117,110,87,105,116,104,78,49,67,84,70 49,82,168,139,128,26,200,239,117,122,4,7,57,221,161,124
72,97,118,101,70,117,110,87,105,116,104,78,49,67,84,70 49,82,168,158,128,26,13,239,117,240,4,7,250,221,161,124
72,97,118,101,70,117,110,87,105,116,104,78,49,67,84,70 49,82,168,32,128,26,25,239,117,192,4,7,48,221,161,124
72,97,118,101,70,117,110,87,105,116,104,78,49,67,84,70 49,82,168,58,128,26,189,239,117,216,4,7,108,221,161,124
72,97,118,101,70,117,110,87,105,116,104,78,49,67,84,70 49,82,168,20,128,26,62,239,117,118,4,7,68,221,161,124
72,97,118,101,70,117,110,87,105,116,104,78,49,67,84,70 49,82,168,212,128,26,76,239,117,189,4,7,166,221,161,124
72,97,118,101,70,117,110,87,105,116,104,78,49,67,84,70 49,82,168,71,128,26,119,239,117,134,4,7,50,221,161,124
72,97,118,101,70,117,110,87,105,116,104,78,49,67,84,70 49,82,168,32,128,26,25,239,117,192,4,7,48,221,161,124
72,97,118,101,70,117,110,87,105,116,104,78,49,67,84,70 49,82,168,215,128,26,35,239,117,29,4,7,36,221,161,124
72,97,118,101,70,117,110,87,105,116,104,78,49,67,84,70 49,82,168,12,128,26,64,239,117,109,4,7,179,221,161,124
72,97,118,101,70,117,110,87,105,116,104,78,49,67,84,70 49,82,168,76,128,26,213,239,117,232,4,7,95,221,161,124
72,97,118,101,70,117,110,87,105,116,104,78,49,67,84,70 49,82,168,28,128,26,169,239,117,157,4,7,99,221,161,124
72,97,118,101,70,117,110,87,105,116,104,78,49,67,84,70 49,82,168,63,128,26,73,239,117,228,4,7,251,221,161,124
72,97,118,101,70,117,110,87,105,116,104,78,49,67,84,70 49,82,168,112,128,26,27,239,117,92,4,7,64,221,161,124
72,97,118,101,70,117,110,87,105,116,104,78,49,67,84,70 49,82,168,195,128,26,56,239,117,90,4,7,94,221,161,124
