72,97,118,101,70,117,110,87,105,116,104,78,49,67,84,70 49,82,223,236,128,216,5,239,243,105,4,7,181,221,161,132
72,97,118,101,70,117,110,87,105,116,104,78,49,67,84,70 49,82,198,236,128,13,5,239,190,105,4,7,181,221,161,119
72,97,118,101,70,117,110,87,105,116,104,78,49,67,84,70 49,82,101,236,128,89,5,239,197,105,4,7,181,221,161,244
72,97,118,101,70,117,110,87,105,116,104,78,49,67,84,70 49,82,66,236,128,51,5,239,3,105,4,7,181,221,161,137
72,97,118,101,70,117,110,87,105,116,104,78,49,67,84,70 49,82,88,236,128,156,5,239,16,105,4,7,181,221,161,52
72,97,118,101,70,117,110,87,105,116,104,78,49,67,84,70 49,82,24,236,128,126,5,239,100,105,4,7,181,221,161,111
72,97,118,101,70,117,110,87,105,116,104,78,49,67,84,70 49,82,127,236,128,50,5,239,219,105,4,7,181,221,161,182
72,97,118,101,70,117,110,87,105,116,104,78,49,67,84,70 49,82,218,236,128,128,5,239,109,105,4,7,181,221,161,228
72,97,118,101,70,117,110,87,105,116,104,78,49,67,84,70 49,82,105,236,128,73,5,239,218,105,4,7,181,221,161,145
72,97,118,101,70,117,110,87,105,116,104,78,49,67,84,70 49,82,8,236,128,185,5,239,177,105,4,7,181,221,161,83
72,97,118,101,70,117,110,87,105,116,104,78,49,67,84,70 49,82,210,236,128,213,5,239,178,105,4,7,181,221,161,11
72,97,118,101,70,117,110,87,105,116,104,78,49,67,84,70 49,82,180,236,128,46,5,239,170,105,4,7,181,221,161,198
72,97,118,101,70,117,110,87,105,116,104,78,49,67,84,70 49,82,48,236,128,22,5,239,57,105,4,7,181,221,161,102
72,97,118,101,70,117,110,87,105,116,104,78,49,67,84,70 49,82,50,236,128,44,5,239,87,105,4,7,181,221,161,197
72,97,118,101,70,117,110,87,105,116,104,78,49,67,84,70 49,82,198,236,128,13,5,239,190,105,4,7,181,221,161,119
72,97,118,101,70,117,110,87,105,116,104,78,49,67,84,70 49,82,86,236,128,201,5,239,64,105,4,7,181,221,161,19
72,97,118,101,70,117,110,87,105,116,104,78,49,67,84,70 49,82,184,236,128,146,5,239,90,105,4,7,181,221,161,212
72,97,118,101,70,117,110,87,105,116,104,78,49,67,84,70 49,82,42,236,128,145,5,239,56,105,4,7,181,221,161,173
72,97,118,101,70,117,110,87,105,116,104,78,49,67,84,70 49,82,121,236,128,155,5,239,127,105,4,7,181,221,161,147
72,97,118,101,70,117,110,87,105,116,104,78,49,67,84,70 49,82,178,236,128,150,5,239,129,105,4,7,181,221,161,29
72,97,118,101,70,117,110,87,105,116,104,78,49,67,84,70 49,82,110,236,128,34,5,239,251,105,4,7,181,221,161,131
72,97,118,101,70,117,110,87,105,116,104,78,49,67,84,70 49,82,214,236,128,20,5,239,65,105,4,7,181,221,161,230
72,97,118,101,70,117,110,87,105,116,104,78,49,67,84,70 49,82,132,236,128,147,5,239,92,105,4,7,181,221,161,207
72,97,118,101,70,117,110,87,105,116,104,78,49,67,84,70 49,82,152,236,128,178,5,239,150,105,4,7,181,221,161,227
72,97,118,101,70,117,110,87,105,116,104,78,49,67,84,70 49,82,95,236,128,188,5,239,187,105,4,7,181,221,161,69
72,97,118,101,70,117,110,87,105,116,104,78,49,67,84,70 49,82,136,236,128,164,5,239,60,105,4,7,181,221,161,17
72,97,118,101,70,117,110,87,105,116,104,78,49,67,84,70 49,82,99,236,128,244,5,239,237,105,4,7,181,221,161,165
72,97,118,101,70,117,110,87,105,116,104,78,49,67,84,70 49,82,28,236,128,58,5,239,118,105,4,7,181,221,161,120
72,97,118,101,70,117,110,87,105,116,104,78,49,67,84,70 49,82,18,236,128,125,5,239,80,105,4,7,181,221,161,42
72,97,118,101,70,117,110,87,105,116,104,78,49,67,84,70 49,82,117,236,128,78,5,239,114,105,4,7,181,221,161,210
72,97,118,101,70,117,110,87,105,116,104,78,49,67,84,70 49,82,94,236,128,200,5,239,125,105,4,7,181,221,161,249
72,97,118,101,70,117,110,87,105,116,104,78,49,67,84,70 49,82,27,236,128,37,5,239,15,105,4,7,181,221,161,150
72,97,118,101,70,117,110,87,105,116,104,78,49,67,84,70 49,82,217,236,128,198,5,239,99,105,4,7,181,221,161,219
72,97,118,101,70,117,110,87,105,116,104,78,49,67,84,70 49,82,235,236,128,227,5,239,235,105,4,7,181,221,161,78
72,97,118,101,70,117,110,87,105,116,104,78,49,67,84,70 49,82,154,236,128,139,5,239,142,105,4,7,181,221,161,44
72,97,118,101,70,117,110,87,105,116,104,78,49,67,84,70 49,82,140,236,128,141,5,239,113,105,4,7,181,221,161,184
72,97,118,101,70,117,110,87,105,116,104,78,49,67,84,70 49,82,90,236,128,195,5,239,120,105,4,7,181,221,161,133
72,97,118,101,70,117,110,87,105,116,104,78,49,67,84,70 49,82,177,236,128,159,5,239,239,105,4,7,181,221,161,240
72,97,118,101,70,117,110,87,105,116,104,78,49,67,84,70 49,82,142,236,128,88,5,239,122,105,4,7,181,221,161,115
72,97,118,101,70,117,110,87,105,116,104,78,49,67,84,70 49,82,90,236,128,195,5,239,120,105,4,7,181,221,161,133
