72,97,118,101,70,117,110,87,105,116,104,78,49,67,84,70 49,72,168,236,227,26,5,239,117,105,4,118,181,221,134,124
72,97,118,101,70,117,110,87,105,116,104,78,49,67,84,70 49,94,168,236,40,26,5,239,117,105,4,145,181,221,20,124
72,97,118,101,70,117,110,87,105,116,104,78,49,67,84,70 49,4,168,236,127,26,5,239,117,105,4,117,181,221,183,124
72,97,118,101,70,117,110,87,105,116,104,78,49,67,84,70 49,122,168,236,34,26,5,239,117,105,4,80,181,221,103,124
72,97,118,101,70,117,110,87,105,116,104,78,49,67,84,70 49,112,168,236,131,26,5,239,117,105,4,170,181,221,124,124
72,97,118,101,70,117,110,87,105,116,104,78,49,67,84,70 49,166,168,236,252,26,5,239,117,105,4,233,181,221,110,124
72,97,118,101,70,117,110,87,105,116,104,78,49,67,84,70 49,236,168,236,236,26,5,239,117,105,4,224,181,221,108,124
72,97,118,101,70,117,110,87,105,116,104,78,49,67,84,70 49,13,168,236,215,26,5,239,117,105,4,96,181,221,246,124
72,97,118,101,70,117,110,87,105,116,104,78,49,67,84,70 49,184,168,236,101,26,5,239,117,105,4,247,181,221,106,124
72,97,118,101,70,117,110,87,105,116,104,78,49,67,84,70 49,37,168,236,35,26,5,239,117,105,4,48,181,221,36,124
72,97,118,101,70,117,110,87,105,116,104,78,49,67,84,70 49,102,168,236,139,26,5,239,117,105,4,254,181,221,40,124
72,97,118,101,70,117,110,87,105,116,104,78,49,67,84,70 49,1,168,236,225,26,5,239,117,105,4,43,181,221,224,124
72,97,118,101,70,117,110,87,105,116,104,78,49,67,84,70 49,79,168,236,209,26,5,239,117,105,4,192,181,221,242,124
72,97,118,101,70,117,110,87,105,116,104,78,49,67,84,70 49,63,168,236,246,26,5,239,117,105,4,11,181,221,58,124
72,97,118,101,70,117,110,87,105,116,104,78,49,67,84,70 49,221,168,236,140,26,5,239,117,105,4,161,181,221,148,124
72,97,118,101,70,117,110,87,105,116,104,78,49,67,84,70 49,136,168,236,7,26,5,239,117,105,4,69,181,221,4,124
72,97,118,101,70,117,110,87,105,116,104,78,49,67,84,70 49,218,168,236,47,26,5,239,117,105,4,213,181,221,86,124
72,97,118,101,70,117,110,87,105,116,104,78,49,67,84,70 49,139,168,236,169,26,5,239,117,105,4,152,181,221,180,124
72,97,118,101,70,117,110,87,105,116,104,78,49,67,84,70 49,146,168,236,204,26,5,239,117,105,4,156,181,221,177,124
72,97,118,101,70,117,110,87,105,116,104,78,49,67,84,70 49,214,168,236,125,26,5,239,117,105,4,143,181,221,196,124
72,97,118,101,70,117,110,87,105,116,104,78,49,67,84,70 49,37,168,236,35,26,5,239,117,105,4,48,181,221,36,124
72,97,118,101,70,117,110,87,105,116,104,78,49,67,84,70 49,139,168,236,169,26,5,239,117,105,4,152,181,221,180,124
72,97,118,101,70,117,110,87,105,116,104,78,49,67,84,70 49,103,168,236,95,26,5,239,117,105,4,147,181,221,56,124
72,97,118,101,70,117,110,87,105,116,104,78,49,67,84,70 49,141,168,236,253,26,5,239,117,105,4,107,181,221,112,124
72,97,118,101,70,117,110,87,105,116,104,78,49,67,84,70 49,150,168,236,53,26,5,239,117,105,4,185,181,221,166,124
72,97,118,101,70,117,110,87,105,116,104,78,49,67,84,70 49,0,168,236,163,26,5,239,117,105,4,206,181,221,201,124
72,97,118,101,70,117,110,87,105,116,104,78,49,67,84,70 49,69,168,236,41,26,5,239,117,105,4,112,181,221,66,124
72,97,118,101,70,117,110,87,105,116,104,78,49,67,84,70 49,186,168,236,75,26,5,239,117,105,4,131,181,221,252,124
72,97,118,101,70,117,110,87,105,116,104,78,49,67,84,70 49,204,168,236,78,26,5,239,117,105,4,123,181,221,41,124
72,97,118,101,70,117,110,87,105,116,104,78,49,67,84,70 49,197,168,236,63,26,5,239,117,105,4,237,181,221,162,124
72,97,118,101,70,117,110,87,105,116,104,78,49,67,84,70 49,168,168,236,62,26,5,239,117,105,4,132,181,221,53,124
72,97,118,101,70,117,110,87,105,116,104,78,49,67,84,70 49,103,168,236,95,26,5,239,117,105,4,147,181,221,56,124
72,97,118,101,70,117,110,87,105,116,104,78,49,67,84,70 49,24,168,236,170,26,5,239,117,105,4,17,181,221,33,124
72,97,118,101,70,117,110,87,105,116,104,78,49,67,84,70 49,235,168,236,218,26,5,239,117,105,4,159,181,221,118,124
72,97,118,101,70,117,110,87,105,116,104,78,49,67,84,70 49,12,168,236,162,26,5,239,117,105,4,181,181,221,80,124
72,97,118,101,70,117,110,87,105,116,104,78,49,67,84,70 49,27,168,236,146,26,5,239,117,105,4,201,181,221,51,124
72,97,118,101,70,117,110,87,105,116,104,78,49,67,84,70 49,203,168,236,29,26,5,239,117,105,4,126,181,221,1,124
72,97,118,101,70,117,110,87,105,116,104,78,49,67,84,70 49,63,168,236,246,26,5,239,117,105,4,11,181,221,58,124
72,97,118,101,70,117,110,87,105,116,104,78,49,67,84,70 49,192,168,236,195,26,5,239,117,105,4,15,181,221,195,124
72,97,118,101,70,117,110,87,105,116,104,78,49,67,84,70 49,2,168,236,196,26,5,239,117,105,4,83,181,221,45,124
